0 -0.0059294 0.127632 0.000553164 0.491855 0.973059
1 -0.0106763 0.145235 -0.174467 0.474234 0.973059
2 -0.0249316 0.196307 -0.342908 0.421939 0.973059
3 -0.0485613 0.279199 -0.49815 0.336947 0.973059
4 -0.081337 0.390772 -0.634216 0.222534 0.973059
5 -0.122941 0.526739 -0.745873 0.0831101 0.973059
6 -0.172972 0.681873 -0.828844 -0.0759669 0.973059
7 -0.230949 0.850206 -0.879945 -0.248577 0.973059
8 -0.29631 1.02526 -0.897219 -0.428084 0.973059
9 -0.368426 1.20033 -0.880007 -0.607601 0.973059
10 -0.446605 1.36867 -0.828965 -0.780225 0.973059
11 -0.530092 1.52382 -0.74606 -0.939319 0.973059
12 -0.618082 1.65981 -0.634476 -1.07876 0.973059
13 -0.709729 1.77141 -0.498507 -1.1932 0.973059
14 -0.804148 1.85434 -0.343378 -1.27824 0.973059
15 -0.900432 1.90541 -0.17505 -1.33061 0.973059
16 -0.997652 1.92265 3.62029e-06 -1.3483 0.973059
17 -1.09487 1.90542 0.175059 -1.33064 0.973059
18 -1.19116 1.85437 0.343391 -1.2783 0.973059
19 -1.28558 1.77145 0.498528 -1.19328 0.973059
20 -1.37723 1.65986 0.634508 -1.07887 0.973059
21 -1.46522 1.52389 0.746105 -0.93945 0.973059
22 -1.54871 1.36875 0.829028 -0.780378 0.973059
23 -1.6269 1.20041 0.880091 -0.607775 0.973059
24 -1.69902 1.02535 0.89733 -0.428275 0.973059
25 -1.76439 0.850299 0.880089 -0.248782 0.973059
26 -1.82238 0.681966 0.829028 -0.0761829 0.973059
27 -1.87242 0.526828 0.746107 0.0828883 0.973059
28 -1.91404 0.390849 0.634513 0.222315 0.973059
29 -1.94683 0.279253 0.498533 0.336741 0.973059
30 -1.97048 0.196331 0.343396 0.421767 0.973059
31 -1.98476 0.145268 0.175063 0.474125 0.973059
32 -1.98954 0.128026 1.8567e-06 0.491805 0.973059
33 -1.98476 0.145267 -0.17506 0.474126 0.973059
34 -1.97048 0.19633 -0.343393 0.421768 0.973059
35 -1.94683 0.279252 -0.498529 0.336744 0.973059
36 -1.91404 0.390847 -0.63451 0.222318 0.973059
37 -1.87242 0.526825 -0.746103 0.0828928 0.973059
38 -1.82238 0.681964 -0.829025 -0.0761783 0.973059
39 -1.76439 0.850296 -0.880085 -0.248777 0.973059
40 -1.69902 1.02535 -0.897327 -0.428269 0.973059
41 -1.6269 1.20041 -0.880088 -0.607768 0.973059
42 -1.54872 1.36874 -0.829025 -0.78037 0.973059
43 -1.46522 1.52388 -0.746101 -0.93944 0.973059
44 -1.37723 1.65985 -0.634505 -1.07886 0.973059
45 -1.28558 1.77144 -0.498526 -1.19327 0.973059
46 -1.19116 1.85436 -0.34339 -1.27828 0.973059
47 -1.09488 1.90541 -0.175058 -1.33062 0.973059
48 -0.997656 1.92265 -4.00807e-06 -1.34828 0.973059
49 -0.900436 1.9054 0.175049 -1.33059 0.973059
50 -0.804153 1.85433 0.343376 -1.27822 0.973059
51 -0.709734 1.7714 0.498503 -1.19318 0.973059
52 -0.618088 1.6598 0.634471 -1.07874 0.973059
53 -0.530099 1.52381 0.746052 -0.939296 0.973059
54 -0.446613 1.36866 0.828954 -0.780199 0.973059
55 -0.368434 1.20032 0.879992 -0.607573 0.973059
56 -0.296319 1.02525 0.897199 -0.428052 0.973059
57 -0.23096 0.850191 0.879919 -0.248541 0.973059
58 -0.172985 0.681857 0.828808 -0.0759258 0.973059
59 -0.122956 0.526724 0.745821 0.0831561 0.973059
60 -0.081355 0.390759 0.634141 0.222586 0.973059
61 -0.0485836 0.279182 0.498053 0.337 0.973059
62 -0.0249592 0.19624 0.34281 0.421986 0.973059
63 -0.0107057 0.144822 0.174553 0.474279 0.973059
64 6.30345e-05 0.212662 -0.076573 0.474456 0.973059
65 -0.00951229 0.242757 -0.228541 0.444419 0.973059
66 -0.0286159 0.301886 -0.371586 0.385395 0.973059
67 -0.0570585 0.387782 -0.500293 0.299666 0.973059
68 -0.0945635 0.497138 -0.609739 0.190536 0.973059
69 -0.140769 0.625746 -0.695727 0.062203 0.973059
70 -0.19523 0.768654 -0.754964 -0.0803996 0.973059
71 -0.257421 0.920368 -0.785173 -0.231787 0.973059
72 -0.326741 1.07506 -0.785202 -0.386143 0.973059
73 -0.402525 1.22678 -0.755046 -0.53754 0.973059
74 -0.484041 1.3697 -0.695866 -0.680154 0.973059
75 -0.570505 1.49833 -0.60994 -0.808508 0.973059
76 -0.661081 1.60771 -0.500567 -0.917658 0.973059
77 -0.754901 1.69366 -0.371957 -1.00342 0.973059
78 -0.85106 1.75287 -0.229048 -1.0625 0.973059
79 -0.948631 1.78305 -0.0773362 -1.09262 0.973059
80 -1.04667 1.78305 0.0773471 -1.09263 0.973059
81 -1.14424 1.75288 0.229062 -1.06254 0.973059
82 -1.2404 1.69369 0.371976 -1.00348 0.973059
83 -1.33423 1.60776 0.500595 -0.917737 0.973059
84 -1.42481 1.49838 0.609979 -0.808607 0.973059
85 -1.51127 1.36976 0.69592 -0.680273 0.973059
86 -1.5928 1.22685 0.755118 -0.537677 0.973059
87 -1.66859 1.07513 0.785296 -0.386295 0.973059
88 -1.73791 0.920442 0.785294 -0.231951 0.973059
89 -1.80011 0.768727 0.755118 -0.080572 0.973059
90 -1.85458 0.625812 0.695921 0.0620264 0.973059
91 -1.9008 0.497191 0.609981 0.190362 0.973059
92 -1.93832 0.387809 0.5006 0.299502 0.973059
93 -1.96678 0.301868 0.37198 0.385253 0.973059
94 -1.98591 0.24267 0.229065 0.44432 0.973059
95 -1.99552 0.212493 0.0773465 0.474432 0.973059
96 -1.99552 0.212493 -0.077343 0.474432 0.973059
97 -1.98591 0.24267 -0.229062 0.444321 0.973059
98 -1.96678 0.301867 -0.371977 0.385255 0.973059
99 -1.93832 0.387808 -0.500597 0.299504 0.973059
100 -1.9008 0.497189 -0.609979 0.190364 0.973059
101 -1.85458 0.625811 -0.695918 0.0620298 0.973059
102 -1.80011 0.768725 -0.755115 -0.0805678 0.973059
103 -1.73791 0.920439 -0.785291 -0.231945 0.973059
104 -1.66859 1.07512 -0.785293 -0.386289 0.973059
105 -1.5928 1.22684 -0.755116 -0.53767 0.973059
106 -1.51128 1.36976 -0.695918 -0.680265 0.973059
107 -1.42481 1.49837 -0.609975 -0.808598 0.973059
108 -1.33423 1.60775 -0.500594 -0.917727 0.973059
109 -1.24041 1.69369 -0.371975 -1.00347 0.973059
110 -1.14425 1.75288 -0.229061 -1.06253 0.973059
111 -1.04668 1.78305 -0.0773474 -1.09262 0.973059
112 -0.948635 1.78304 0.0773351 -1.09261 0.973059
113 -0.851065 1.75286 0.229046 -1.06249 0.973059
114 -0.754907 1.69365 0.371953 -1.00341 0.973059
115 -0.661087 1.60771 0.500562 -0.917641 0.973059
116 -0.570511 1.49832 0.609933 -0.808489 0.973059
117 -0.484048 1.36969 0.695857 -0.680134 0.973059
118 -0.402532 1.22677 0.755034 -0.537518 0.973059
119 -0.32675 1.07505 0.785185 -0.386119 0.973059
120 -0.257431 0.920357 0.785151 -0.23176 0.973059
121 -0.195241 0.768644 0.754934 -0.0803698 0.973059
122 -0.140782 0.625738 0.695687 0.0622358 0.973059
123 -0.0945786 0.497136 0.609681 0.190572 0.973059
124 -0.0570775 0.387789 0.50021 0.299705 0.973059
125 -0.0286404 0.301904 0.371454 0.385438 0.973059
126 -0.00954731 0.242763 0.228282 0.444477 0.973059
127 6.65079e-14 0.212615 0.0773402 0.474407 0.973059
128 0.0272279 0.396415 0.000255828 0.421427 0.973059
129 0.0223072 0.407686 -0.117169 0.410032 0.973059
130 0.00756376 0.441806 -0.23016 0.375917 0.973059
131 -0.0168622 0.497371 -0.334312 0.320429 0.973059
132 -0.0507367 0.572212 -0.425608 0.245716 0.973059
133 -0.0937327 0.663436 -0.500537 0.154657 0.973059
134 -0.145436 0.767531 -0.556218 0.0507587 0.973059
135 -0.205349 0.88049 -0.590515 -0.0619852 0.973059
136 -0.272893 0.997968 -0.60211 -0.179239 0.973059
137 -0.347419 1.11545 -0.590559 -0.296496 0.973059
138 -0.428208 1.22842 -0.556307 -0.40925 0.973059
139 -0.514482 1.33254 -0.500671 -0.513167 0.973059
140 -0.60541 1.4238 -0.42579 -0.604252 0.973059
141 -0.700115 1.4987 -0.334542 -0.679005 0.973059
142 -0.797687 1.55435 -0.230436 -0.734554 0.973059
143 -0.897185 1.58862 -0.117471 -0.768763 0.973059
144 -0.997651 1.6002 9.5996e-06 -0.780319 0.973059
145 -1.09812 1.58863 0.117491 -0.76878 0.973059
146 -1.19762 1.55437 0.23046 -0.734587 0.973059
147 -1.29519 1.49872 0.334573 -0.679054 0.973059
148 -1.3899 1.42383 0.425829 -0.604316 0.973059
149 -1.48083 1.33258 0.500722 -0.513244 0.973059
150 -1.56711 1.22847 0.556372 -0.409339 0.973059
151 -1.6479 1.1155 0.590641 -0.296594 0.973059
152 -1.72243 0.998012 0.602212 -0.179344 0.973059
153 -1.78998 0.880528 0.590641 -0.0620932 0.973059
154 -1.84991 0.767558 0.556372 0.0506527 0.973059
155 -1.90162 0.663443 0.500722 0.15456 0.973059
156 -1.94463 0.572186 0.42583 0.245636 0.973059
157 -1.97851 0.497294 0.334573 0.32038 0.973059
158 -2.00295 0.441643 0.230459 0.37592 0.973059
159 -2.01771 0.407375 0.117487 0.410121 0.973059
160 -2.02265 0.395803 1.4894e-06 0.42167 0.973059
161 -2.01771 0.407374 -0.117484 0.410122 0.973059
162 -2.00296 0.441643 -0.230456 0.375921 0.973059
163 -1.97851 0.497293 -0.33457 0.320381 0.973059
164 -1.94463 0.572185 -0.425827 0.245638 0.973059
165 -1.90162 0.663443 -0.50072 0.154562 0.973059
166 -1.84991 0.767556 -0.556369 0.0506555 0.973059
167 -1.78999 0.880526 -0.590638 -0.0620893 0.973059
168 -1.72243 0.99801 -0.602209 -0.17934 0.973059
169 -1.6479 1.11549 -0.590639 -0.296589 0.973059
170 -1.56711 1.22846 -0.55637 -0.409334 0.973059
171 -1.48083 1.33258 -0.50072 -0.513239 0.973059
172 -1.3899 1.42383 -0.425828 -0.604309 0.973059
173 -1.29519 1.49872 -0.334572 -0.679047 0.973059
174 -1.19762 1.55436 -0.23046 -0.734579 0.973059
175 -1.09812 1.58863 -0.117492 -0.768771 0.973059
176 -0.997655 1.60019 -1.0887e-05 -0.78031 0.973059
177 -0.897189 1.58862 0.117469 -0.768753 0.973059
178 -0.797691 1.55434 0.230433 -0.734543 0.973059
179 -0.700121 1.49869 0.334538 -0.678993 0.973059
180 -0.605415 1.42379 0.425784 -0.60424 0.973059
181 -0.514487 1.33253 0.500663 -0.513153 0.973059
182 -0.428215 1.22842 0.556297 -0.409236 0.973059
183 -0.347427 1.11545 0.590546 -0.296482 0.973059
184 -0.272902 0.997964 0.602093 -0.179224 0.973059
185 -0.205359 0.880489 0.590493 -0.0619712 0.973059
186 -0.145447 0.767535 0.55619 0.0507713 0.973059
187 -0.0937449 0.663448 0.500502 0.154667 0.973059
188 -0.0507504 0.572239 0.425566 0.245718 0.973059
189 -0.0168776 0.497427 0.334263 0.320417 0.973059
190 0.00754707 0.441923 0.230115 0.375876 0.973059
191 0.0222922 0.407959 0.117174 0.40992 0.973059
192 0.0801569 0.560195 -0.0430822 0.342163 0.973059
193 0.0697828 0.576971 -0.127728 0.325395 0.973059
194 0.0491297 0.609953 -0.207497 0.292451 0.973059
195 0.0183957 0.65788 -0.279303 0.244592 0.973059
196 -0.0221249 0.718906 -0.34038 0.183658 0.973059
197 -0.0720409 0.790683 -0.388374 0.111993 0.973059
198 -0.130872 0.870448 -0.421438 0.0323555 0.973059
199 -0.198053 0.955132 -0.438303 -0.0521935 0.973059
200 -0.272934 1.04148 -0.438318 -0.138403 0.973059
201 -0.354796 1.12617 -0.421484 -0.222959 0.973059
202 -0.44285 1.20596 -0.38845 -0.302611 0.973059
203 -0.536248 1.27776 -0.340483 -0.374299 0.973059
204 -0.634089 1.33882 -0.279428 -0.435264 0.973059
205 -0.735434 1.3868 -0.207633 -0.483167 0.973059
206 -0.839303 1.41985 -0.127856 -0.516164 0.973059
207 -0.944698 1.4367 -0.0431631 -0.532988 0.973059
208 -1.0506 1.43671 0.0431895 -0.532994 0.973059
209 -1.156 1.41986 0.127884 -0.51618 0.973059
210 -1.25987 1.38682 0.207666 -0.483193 0.973059
211 -1.36121 1.33884 0.279467 -0.4353 0.973059
212 -1.45906 1.27778 0.34053 -0.374342 0.973059
213 -1.55246 1.20598 0.388506 -0.302662 0.973059
214 -1.64052 1.1262 0.421553 -0.223014 0.973059
215 -1.72238 1.0415 0.438401 -0.13846 0.973059
216 -1.79727 0.955145 0.438401 -0.0522488 0.973059
217 -1.86446 0.870449 0.421552 0.0323062 0.973059
218 -1.9233 0.790665 0.388506 0.111956 0.973059
219 -1.97322 0.718862 0.340528 0.183639 0.973059
220 -2.01375 0.657799 0.279464 0.2446 0.973059
221 -2.04449 0.609822 0.207661 0.292497 0.973059
222 -2.06515 0.576775 0.127877 0.325489 0.973059
223 -2.07554 0.559927 0.0431798 0.342308 0.973059
224 -2.07554 0.559927 -0.0431773 0.342309 0.973059
225 -2.06515 0.576774 -0.127875 0.32549 0.973059
226 -2.04449 0.609821 -0.207659 0.292498 0.973059
227 -2.01375 0.657798 -0.279462 0.244601 0.973059
228 -1.97322 0.718862 -0.340526 0.18364 0.973059
229 -1.9233 0.790664 -0.388503 0.111958 0.973059
230 -1.86446 0.870447 -0.421551 0.0323085 0.973059
231 -1.79727 0.955144 -0.438398 -0.0522462 0.973059
232 -1.72239 1.0415 -0.438399 -0.138457 0.973059
233 -1.64052 1.12619 -0.421551 -0.22301 0.973059
234 -1.55246 1.20598 -0.388505 -0.302658 0.973059
235 -1.45906 1.27778 -0.340529 -0.374338 0.973059
236 -1.36122 1.33884 -0.279467 -0.435295 0.973059
237 -1.25987 1.38681 -0.207666 -0.483188 0.973059
238 -1.156 1.41986 -0.127885 -0.516174 0.973059
239 -1.05061 1.4367 -0.0431909 -0.532988 0.973059
240 -0.944701 1.4367 0.043161 -0.532982 0.973059
241 -0.839308 1.41985 0.127853 -0.516157 0.973059
242 -0.735438 1.3868 0.207629 -0.48316 0.973059
243 -0.634095 1.33882 0.279423 -0.435257 0.973059
244 -0.536253 1.27775 0.340476 -0.374291 0.973059
245 -0.442856 1.20595 0.388441 -0.302604 0.973059
246 -0.354802 1.12617 0.421475 -0.222952 0.973059
247 -0.27294 1.04148 0.438306 -0.138397 0.973059
248 -0.19806 0.955135 0.438288 -0.0521897 0.973059
249 -0.13088 0.870455 0.421421 0.0323563 0.973059
250 -0.0720497 0.790696 0.388356 0.11199 0.973059
251 -0.0221338 0.718928 0.340362 0.183648 0.973059
252 0.0183863 0.657915 0.27929 0.244573 0.973059
253 0.0491208 0.610003 0.207496 0.292421 0.973059
254 0.0697759 0.577032 0.127757 0.325356 0.973059
255 0.0801542 0.560228 0.0431649 0.342141 0.973059
256 0.175842 0.689778 1.51836e-05 0.262103 0.973059
257 0.170193 0.695701 -0.0602491 0.256185 0.973059
258 0.153298 0.713264 -0.118211 0.23864 0.973059
259 0.12532 0.741799 -0.171637 0.210137 0.973059
260 0.0865273 0.780214 -0.218474 0.171768 0.973059
261 0.0372929 0.827032 -0.256918 0.125005 0.973059
262 -0.0219093 0.880454 -0.285489 0.0716481 0.973059
263 -0.0905095 0.938426 -0.303087 0.013747 0.973059
264 -0.167846 0.99872 -0.309036 -0.0464721 0.973059
265 -0.253174 1.05902 -0.303106 -0.106694 0.973059
266 -0.345673 1.117 -0.285525 -0.164604 0.973059
267 -0.444451 1.17043 -0.256969 -0.217975 0.973059
268 -0.548558 1.21727 -0.218535 -0.264757 0.973059
269 -0.65699 1.25572 -0.171701 -0.303151 0.973059
270 -0.768703 1.28428 -0.118266 -0.331681 0.973059
271 -0.882622 1.30187 -0.0602845 -0.349252 0.973059
272 -0.997648 1.30781 1.49187e-05 -0.355186 0.973059
273 -1.11267 1.30187 0.060315 -0.349258 0.973059
274 -1.22659 1.28429 0.118299 -0.331693 0.973059
275 -1.33831 1.25572 0.171737 -0.303168 0.973059
276 -1.44674 1.21728 0.218577 -0.264778 0.973059
277 -1.55085 1.17044 0.257017 -0.217999 0.973059
278 -1.64963 1.11701 0.28558 -0.164629 0.973059
279 -1.74213 1.05902 0.30317 -0.106718 0.973059
280 -1.82747 0.998717 0.309109 -0.0464926 0.973059
281 -1.90481 0.938415 0.303169 0.0137332 0.973059
282 -1.97341 0.880429 0.285579 0.0716447 0.973059
283 -2.03262 0.826989 0.257014 0.125017 0.973059
284 -2.08186 0.780148 0.218573 0.171797 0.973059
285 -2.12066 0.741707 0.171732 0.210189 0.973059
286 -2.14864 0.713143 0.118292 0.238717 0.973059
287 -2.16554 0.695552 0.0603047 0.256285 0.973059
288 -2.17119 0.689613 1.0143e-06 0.262217 0.973059
289 -2.16554 0.695552 -0.0603027 0.256285 0.973059
290 -2.14864 0.713142 -0.11829 0.238718 0.973059
291 -2.12066 0.741706 -0.17173 0.21019 0.973059
292 -2.08186 0.780147 -0.218571 0.171798 0.973059
293 -2.03262 0.826988 -0.257012 0.125018 0.973059
294 -1.97341 0.880428 -0.285577 0.0716465 0.973059
295 -1.90481 0.938413 -0.303168 0.0137352 0.973059
296 -1.82747 0.998715 -0.309108 -0.0464901 0.973059
297 -1.74214 1.05902 -0.303169 -0.106715 0.973059
298 -1.64963 1.117 -0.28558 -0.164626 0.973059
299 -1.55085 1.17044 -0.257016 -0.217996 0.973059
300 -1.44674 1.21728 -0.218577 -0.264775 0.973059
301 -1.33831 1.25572 -0.171738 -0.303164 0.973059
302 -1.2266 1.28428 -0.1183 -0.331689 0.973059
303 -1.11268 1.30187 -0.0603164 -0.349253 0.973059
304 -0.997651 1.30781 -1.67762e-05 -0.355182 0.973059
305 -0.882625 1.30187 0.0602819 -0.349247 0.973059
306 -0.768707 1.28428 0.118263 -0.331677 0.973059
307 -0.656994 1.25571 0.171697 -0.303147 0.973059
308 -0.548563 1.21727 0.21853 -0.264753 0.973059
309 -0.444456 1.17043 0.256963 -0.217972 0.973059
310 -0.345679 1.117 0.285518 -0.164602 0.973059
311 -0.25318 1.05902 0.303098 -0.106693 0.973059
312 -0.167852 0.998723 0.309028 -0.046473 0.973059
313 -0.0905157 0.938433 0.303079 0.0137438 0.973059
314 -0.0219156 0.880464 0.285481 0.071642 0.973059
315 0.0372868 0.827045 0.256911 0.124996 0.973059
316 0.0865213 0.780232 0.218471 0.171754 0.973059
317 0.125315 0.741821 0.171641 0.210121 0.973059
318 0.153294 0.713285 0.118224 0.238624 0.973059
319 0.170191 0.695715 0.0602742 0.256174 0.973059
320 0.323579 0.791703 -0.0204247 0.186394 0.973059
321 0.310858 0.799672 -0.0605036 0.178432 0.973059
322 0.285529 0.815302 -0.0982618 0.162814 0.973059
323 0.247849 0.838001 -0.132245 0.140132 0.973059
324 0.198172 0.866895 -0.16115 0.111262 0.973059
325 0.136979 0.900874 -0.183862 0.0773101 0.973059
326 0.0648604 0.938633 -0.199509 0.0395819 0.973059
327 -0.0174931 0.978721 -0.207489 -0.00047299 0.973059
328 -0.109285 1.0196 -0.207494 -0.0413144 0.973059
329 -0.209634 1.05969 -0.199523 -0.0813727 0.973059
330 -0.317571 1.09745 -0.183883 -0.119108 0.973059
331 -0.432059 1.13144 -0.161175 -0.15307 0.973059
332 -0.551994 1.16035 -0.132272 -0.181953 0.973059
333 -0.676221 1.18306 -0.0982845 -0.204646 0.973059
334 -0.803544 1.1987 -0.0605174 -0.220278 0.973059
335 -0.932736 1.20668 -0.0204246 -0.228248 0.973059
336 -1.06255 1.20668 0.0204547 -0.228249 0.973059
337 -1.19175 1.19871 0.0605485 -0.220281 0.973059
338 -1.31907 1.18306 0.0983176 -0.204652 0.973059
339 -1.4433 1.16035 0.132308 -0.18196 0.973059
340 -1.56324 1.13144 0.161215 -0.153078 0.973059
341 -1.67773 1.09745 0.183927 -0.119115 0.973059
342 -1.78566 1.05968 0.199571 -0.081378 0.973059
343 -1.88602 1.01959 0.207547 -0.041316 0.973059
344 -1.97781 0.978705 0.207546 -0.000469112 0.973059
345 -2.06017 0.938608 0.19957 0.0395934 0.973059
346 -2.13229 0.900838 0.183924 0.0773311 0.973059
347 -2.19349 0.866846 0.161211 0.111295 0.973059
348 -2.24317 0.837938 0.132303 0.140178 0.973059
349 -2.28085 0.815225 0.0983103 0.162872 0.973059
350 -2.30618 0.799582 0.0605388 0.178502 0.973059
351 -2.3189 0.791605 0.0204419 0.186472 0.973059
352 -2.3189 0.791605 -0.0204403 0.186472 0.973059
353 -2.30618 0.799581 -0.0605372 0.178502 0.973059
354 -2.28085 0.815224 -0.0983087 0.162873 0.973059
355 -2.24317 0.837938 -0.132301 0.140179 0.973059
356 -2.19349 0.866845 -0.16121 0.111295 0.973059
357 -2.13229 0.900837 -0.183923 0.0773324 0.973059
358 -2.06017 0.938607 -0.199568 0.0395948 0.973059
359 -1.97781 0.978703 -0.207545 -0.000467406 0.973059
360 -1.88602 1.01958 -0.207546 -0.0413141 0.973059
361 -1.78567 1.05968 -0.199571 -0.0813759 0.973059
362 -1.67773 1.09745 -0.183926 -0.119113 0.973059
363 -1.56324 1.13144 -0.161215 -0.153075 0.973059
364 -1.4433 1.16035 -0.132308 -0.181957 0.973059
365 -1.31907 1.18306 -0.0983183 -0.204649 0.973059
366 -1.19175 1.1987 -0.0605496 -0.220279 0.973059
367 -1.06256 1.20668 -0.0204562 -0.228247 0.973059
368 -0.932739 1.20668 0.0204226 -0.228245 0.973059
369 -0.803547 1.1987 0.0605149 -0.220275 0.973059
370 -0.676224 1.18306 0.0982815 -0.204644 0.973059
371 -0.551997 1.16035 0.132269 -0.181951 0.973059
372 -0.432063 1.13144 0.161172 -0.153069 0.973059
373 -0.317575 1.09745 0.183879 -0.119108 0.973059
374 -0.209639 1.05969 0.199518 -0.0813734 0.973059
375 -0.10929 1.0196 0.207489 -0.0413163 0.973059
376 -0.0174977 0.978725 0.207484 -0.000476304 0.973059
377 0.0648558 0.938639 0.199505 0.039577 0.973059
378 0.136976 0.900882 0.18386 0.0773036 0.973059
379 0.198168 0.866904 0.161149 0.111254 0.973059
380 0.247846 0.838011 0.132248 0.140124 0.973059
381 0.285526 0.815311 0.0982682 0.162806 0.973059
382 0.310856 0.799678 0.0605137 0.178426 0.973059
383 0.323578 0.791706 0.0204368 0.186392 0.973059
384 0.547942 0.863835 2.72152e-06 0.126895 0.973059
385 0.540499 0.866441 -0.0264759 0.124289 0.973059
386 0.518247 0.874163 -0.0519379 0.11657 0.973059
387 0.481392 0.886704 -0.0754057 0.104035 0.973059
388 0.430294 0.903582 -0.0959756 0.0871642 0.973059
389 0.36545 0.92415 -0.112858 0.0666048 0.973059
390 0.287473 0.947617 -0.125404 0.0431482 0.973059
391 0.19712 0.973081 -0.133131 0.0176949 0.973059
392 0.0952592 0.999564 -0.135742 -0.00877675 0.973059
393 -0.0171257 1.02605 -0.133135 -0.0352495 0.973059
394 -0.138954 1.05151 -0.125411 -0.0607055 0.973059
395 -0.269052 1.07499 -0.112867 -0.0841665 0.973059
396 -0.406166 1.09556 -0.0959853 -0.104731 0.973059
397 -0.548977 1.11244 -0.0754129 -0.121608 0.973059
398 -0.696109 1.12499 -0.0519414 -0.134149 0.973059
399 -0.846146 1.13271 -0.026473 -0.141872 0.973059
400 -0.997641 1.13532 1.36695e-05 -0.14448 0.973059
401 -1.14914 1.13271 0.0265006 -0.141872 0.973059
402 -1.29917 1.12499 0.0519698 -0.13415 0.973059
403 -1.44631 1.11244 0.0754427 -0.121609 0.973059
404 -1.58912 1.09556 0.0960168 -0.104731 0.973059
405 -1.72623 1.07498 0.112901 -0.0841654 0.973059
406 -1.85633 1.05151 0.125447 -0.0607022 0.973059
407 -1.97816 1.02604 0.133173 -0.0352432 0.973059
408 -2.09055 0.999548 0.135781 -0.00876651 0.973059
409 -2.19241 0.97306 0.133172 0.0177102 0.973059
410 -2.28277 0.947589 0.125444 0.0431697 0.973059
411 -2.36075 0.924115 0.112897 0.0666329 0.973059
412 -2.42559 0.903539 0.0960114 0.0871994 0.973059
413 -2.47669 0.886654 0.0754362 0.104077 0.973059
414 -2.51355 0.874107 0.0519609 0.116619 0.973059
415 -2.5358 0.86638 0.02649 0.124342 0.973059
416 -2.54325 0.863771 5.89902e-07 0.12695 0.973059
417 -2.5358 0.866379 -0.0264888 0.124343 0.973059
418 -2.51355 0.874106 -0.0519598 0.116619 0.973059
419 -2.47669 0.886653 -0.0754351 0.104078 0.973059
420 -2.42559 0.903539 -0.0960104 0.0872 0.973059
421 -2.36075 0.924114 -0.112896 0.0666338 0.973059
422 -2.28277 0.947588 -0.125444 0.0431706 0.973059
423 -2.19242 0.973058 -0.133171 0.0177114 0.973059
424 -2.09055 0.999547 -0.135781 -0.00876516 0.973059
425 -1.97817 1.02604 -0.133172 -0.035242 0.973059
426 -1.85633 1.05151 -0.125447 -0.0607009 0.973059
427 -1.72624 1.07498 -0.112901 -0.0841638 0.973059
428 -1.58912 1.09555 -0.0960171 -0.10473 0.973059
429 -1.44631 1.11244 -0.0754432 -0.121607 0.973059
430 -1.29918 1.12499 -0.0519707 -0.134148 0.973059
431 -1.14914 1.13271 -0.0265018 -0.141871 0.973059
432 -0.997643 1.13532 -1.50616e-05 -0.144479 0.973059
433 -0.846148 1.13271 0.0264713 -0.141871 0.973059
434 -0.696112 1.12499 0.0519394 -0.134148 0.973059
435 -0.54898 1.11244 0.0754106 -0.121607 0.973059
436 -0.406168 1.09556 0.0959828 -0.104731 0.973059
437 -0.269055 1.07499 0.112864 -0.0841668 0.973059
438 -0.138957 1.05152 0.125409 -0.0607064 0.973059
439 -0.0171291 1.02605 0.133132 -0.0352511 0.973059
440 0.0952558 0.999566 0.135739 -0.00877917 0.973059
441 0.197117 0.973084 0.133129 0.0176918 0.973059
442 0.28747 0.947621 0.125403 0.0431445 0.973059
443 0.365447 0.924155 0.112858 0.0666005 0.973059
444 0.430291 0.903587 0.0959772 0.0871597 0.973059
445 0.48139 0.886708 0.0754088 0.104031 0.973059
446 0.518245 0.874167 0.0519424 0.116567 0.973059
447 0.540498 0.866443 0.0264815 0.124288 0.973059
448 0.865584 0.914655 -0.00839425 0.0816678 0.973059
449 0.847644 0.917931 -0.0248629 0.0783925 0.973059
450 0.811928 0.924356 -0.0403765 0.0719682 0.973059
451 0.758781 0.933683 -0.0543389 0.0626413 0.973059
452 0.688732 0.945557 -0.0662129 0.050769 0.973059
453 0.602433 0.959519 -0.0755428 0.0368087 0.973059
454 0.500727 0.975033 -0.0819695 0.021296 0.973059
455 0.38459 0.991502 -0.0852467 0.00482799 0.973059
456 0.255135 1.0083 -0.0852472 -0.0119639 0.973059
457 0.11363 1.02477 -0.081971 -0.028433 0.973059
458 -0.0385912 1.04028 -0.0755447 -0.0439471 0.973059
459 -0.200044 1.05425 -0.0662145 -0.0579096 0.973059
460 -0.369176 1.06612 -0.0543396 -0.069784 0.973059
461 -0.544363 1.07545 -0.040375 -0.0791135 0.973059
462 -0.723915 1.08188 -0.0248585 -0.0855397 0.973059
463 -0.906102 1.08516 -0.00838621 -0.0888159 0.973059
464 -1.08917 1.08515 0.00840917 -0.0888156 0.973059
465 -1.27136 1.08188 0.0248817 -0.0855389 0.973059
466 -1.45091 1.07545 0.0403987 -0.0791119 0.973059
467 -1.6261 1.06612 0.0543641 -0.0697813 0.973059
468 -1.79523 1.05424 0.0662397 -0.0579056 0.973059
469 -1.95669 1.04027 0.0755707 -0.0439413 0.973059
470 -2.10891 1.02476 0.0819978 -0.0284249 0.973059
471 -2.25041 1.00828 0.0852744 -0.0119531 0.973059
472 -2.37987 0.991486 0.0852739 0.00484212 0.973059
473 -2.49601 0.975012 0.0819962 0.0213138 0.973059
474 -2.59772 0.959494 0.0755681 0.0368305 0.973059
475 -2.68402 0.945528 0.0662359 0.0507948 0.973059
476 -2.75407 0.93365 0.0543587 0.062671 0.973059
477 -2.80721 0.924319 0.040392 0.0720014 0.973059
478 -2.84293 0.917891 0.0248734 0.0784284 0.973059
479 -2.86087 0.914614 0.00839903 0.0817053 0.973059
480 -2.86087 0.914614 -0.0083982 0.0817054 0.973059
481 -2.84293 0.917891 -0.0248726 0.0784285 0.973059
482 -2.80722 0.924319 -0.0403913 0.0720017 0.973059
483 -2.75407 0.93365 -0.054358 0.0626714 0.973059
484 -2.68402 0.945528 -0.0662352 0.0507953 0.973059
485 -2.59772 0.959493 -0.0755675 0.0368311 0.973059
486 -2.49601 0.975012 -0.0819957 0.0213146 0.973059
487 -2.37987 0.991485 -0.0852736 0.00484298 0.973059
488 -2.25042 1.00828 -0.0852743 -0.0119522 0.973059
489 -2.1089 1.02476 -0.081998 -0.0284243 0.973059
490 -1.95669 1.04027 -0.0755708 -0.0439403 0.973059
491 -1.79523 1.05424 -0.06624 -0.0579045 0.973059
492 -1.6261 1.06612 -0.0543645 -0.0697803 0.973059
493 -1.45091 1.07545 -0.0403993 -0.0791109 0.973059
494 -1.27136 1.08188 -0.0248825 -0.0855379 0.973059
495 -1.08917 1.08515 -0.00841012 -0.0888148 0.973059
496 -0.906104 1.08515 0.00838508 -0.0888152 0.973059
497 -0.723916 1.08188 0.0248572 -0.0855392 0.973059
498 -0.544365 1.07545 0.0403736 -0.0791133 0.973059
499 -0.369179 1.06612 0.0543381 -0.069784 0.973059
500 -0.200045 1.05425 0.0662129 -0.0579099 0.973059
501 -0.0385937 1.04028 0.0755431 -0.0439479 0.973059
502 0.113627 1.02477 0.0819696 -0.0284342 0.973059
503 0.255133 1.0083 0.085246 -0.0119655 0.973059
504 0.384587 0.991504 0.0852457 0.00482611 0.973059
505 0.500725 0.975035 0.0819694 0.0212944 0.973059
506 0.602431 0.959521 0.0755429 0.0368064 0.973059
507 0.68873 0.945559 0.0662137 0.0507666 0.973059
508 0.758779 0.933686 0.0543404 0.0626391 0.973059
509 0.811927 0.924357 0.0403787 0.0719664 0.973059
510 0.847644 0.917932 0.0248657 0.0783913 0.973059
511 0.865584 0.914656 0.00839687 0.0816673 0.973059
512 1.31576 0.947511 5.77676e-07 0.051111 0.973059
513 1.30462 0.948522 -0.0102689 0.0501 0.973059
514 1.2713 0.951518 -0.0201439 0.0471042 0.973059
515 1.21615 0.956382 -0.0292447 0.042239 0.973059
516 1.13967 0.962929 -0.0372219 0.0356916 0.973059
517 1.0426 0.970906 -0.0437685 0.0277134 0.973059
518 0.925885 0.980006 -0.0486334 0.018611 0.973059
519 0.790642 0.989882 -0.0516292 0.00873421 0.973059
520 0.638186 1.00015 -0.0526406 -0.00153783 0.973059
521 0.469969 1.01042 -0.0516292 -0.0118098 0.973059
522 0.287617 1.0203 -0.0486331 -0.0216872 0.973059
523 0.0928969 1.0294 -0.0437678 -0.0307903 0.973059
524 -0.112334 1.03738 -0.0372203 -0.0387694 0.973059
525 -0.326089 1.04393 -0.0292421 -0.0453176 0.973059
526 -0.546311 1.04879 -0.0201396 -0.0501833 0.973059
527 -0.770879 1.05179 -0.0102627 -0.0531795 0.973059
528 -0.997632 1.0528 8.97754e-06 -0.0541908 0.973059
529 -1.22438 1.05178 0.0102807 -0.0531786 0.973059
530 -1.44895 1.04879 0.0201577 -0.0501815 0.973059
531 -1.66918 1.04392 0.0292604 -0.0453147 0.973059
532 -1.88293 1.03737 0.0372388 -0.0387652 0.973059
533 -2.08816 1.02939 0.0437865 -0.0307847 0.973059
534 -2.28288 1.02029 0.0486519 -0.0216799 0.973059
535 -2.46524 1.01041 0.051648 -0.0118007 0.973059
536 -2.63345 1.00014 0.052659 -0.00152662 0.973059
537 -2.78591 0.989867 0.0516469 0.00874768 0.973059
538 -2.92115 0.97999 0.0486501 0.0186269 0.973059
539 -3.03787 0.970886 0.0437836 0.0277316 0.973059
540 -3.13494 0.962907 0.037235 0.035712 0.973059
541 -3.21142 0.956358 0.0292553 0.0422615 0.973059
542 -3.26658 0.951492 0.0201515 0.0471283 0.973059
543 -3.29989 0.948496 0.0102734 0.0501252 0.973059
544 -3.31104 0.947484 2.81329e-07 0.0511367 0.973059
545 -3.29989 0.948496 -0.0102729 0.0501252 0.973059
546 -3.26658 0.951492 -0.020151 0.0471284 0.973059
547 -3.21142 0.956358 -0.0292548 0.0422617 0.973059
548 -3.13494 0.962907 -0.0372345 0.0357123 0.973059
549 -3.03787 0.970886 -0.0437832 0.027732 0.973059
550 -2.92115 0.979989 -0.0486498 0.0186274 0.973059
551 -2.78591 0.989867 -0.0516466 0.00874824 0.973059
552 -2.63346 1.00014 -0.0526588 -0.00152601 0.973059
553 -2.46524 1.01041 -0.0516478 -0.0118001 0.973059
554 -2.28288 1.02029 -0.0486519 -0.0216793 0.973059
555 -2.08816 1.02939 -0.0437867 -0.030784 0.973059
556 -1.88293 1.03737 -0.0372391 -0.0387645 0.973059
557 -1.66918 1.04392 -0.0292608 -0.0453141 0.973059
558 -1.44895 1.04879 -0.0201582 -0.0501809 0.973059
559 -1.22439 1.05178 -0.0102813 -0.0531781 0.973059
560 -0.997633 1.0528 -9.68489e-06 -0.0541904 0.973059
561 -0.77088 1.05179 0.0102619 -0.0531793 0.973059
562 -0.546312 1.04879 0.0201387 -0.0501832 0.973059
563 -0.32609 1.04393 0.0292412 -0.0453177 0.973059
564 -0.112336 1.03738 0.0372193 -0.0387696 0.973059
565 0.092895 1.0294 0.0437669 -0.0307908 0.973059
566 0.287615 1.0203 0.0486323 -0.0216879 0.973059
567 0.469967 1.01042 0.0516286 -0.0118107 0.973059
568 0.638185 1.00015 0.0526401 -0.0015389 0.973059
569 0.79064 0.989883 0.051629 0.008733 0.973059
570 0.925883 0.980008 0.0486335 0.0186099 0.973059
571 1.0426 0.970907 0.0437689 0.0277121 0.973059
572 1.13966 0.96293 0.0372226 0.0356904 0.973059
573 1.21614 0.956383 0.0292458 0.042238 0.973059
574 1.2713 0.951518 0.0201452 0.0471035 0.973059
575 1.30462 0.948523 0.0102704 0.0500996 0.973059
576 1.92926 0.968833 -0.00310165 0.0306763 0.973059
577 1.90107 0.970043 -0.00918664 0.0294657 0.973059
578 1.84497 0.972418 -0.0149186 0.0270907 0.973059
579 1.76148 0.975864 -0.0200772 0.0236428 0.973059
580 1.65143 0.980251 -0.0244641 0.0192543 0.973059
581 1.51587 0.98541 -0.0279109 0.0140938 0.973059
582 1.3561 0.991142 -0.0302852 0.00835994 0.973059
583 1.17367 0.997228 -0.0314954 0.00227264 0.973059
584 0.970317 1.00343 -0.0314952 -0.0039339 0.973059
585 0.748014 1.00952 -0.0302845 -0.0100213 0.973059
586 0.50891 1.01525 -0.0279098 -0.0157554 0.973059
587 0.255284 1.02041 -0.0244623 -0.020916 0.973059
588 -0.0104003 1.0248 -0.0200745 -0.0253048 0.973059
589 -0.285595 1.02824 -0.0149149 -0.0287529 0.973059
590 -0.567647 1.03062 -0.00918208 -0.0311279 0.973059
591 -0.853839 1.03183 -0.00309602 -0.0323384 0.973059
592 -1.14142 1.03183 0.00310927 -0.0323379 0.973059
593 -1.42761 1.03062 0.00919535 -0.0311265 0.973059
594 -1.70966 1.02824 0.0149282 -0.0287506 0.973059
595 -1.98485 1.02479 0.0200878 -0.0253015 0.973059
596 -2.25054 1.0204 0.0244755 -0.0209117 0.973059
597 -2.50417 1.01524 0.0279229 -0.0157499 0.973059
598 -2.74327 1.00951 0.0302974 -0.0100145 0.973059
599 -2.96557 1.00342 0.0315076 -0.00392578 0.973059
600 -3.16892 0.997218 0.0315073 0.00228216 0.973059
601 -3.35136 0.991131 0.0302963 0.00837089 0.973059
602 -3.51113 0.985397 0.027921 0.0141062 0.973059
603 -3.64669 0.980237 0.0244729 0.019268 0.973059
604 -3.75674 0.975849 0.0200844 0.0236577 0.973059
605 -3.84023 0.972401 0.0149241 0.0271065 0.973059
606 -3.89633 0.970026 0.00919023 0.0294823 0.973059
607 -3.92452 0.968816 0.00310321 0.0306933 0.973059
608 -3.92452 0.968816 -0.00310284 0.0306934 0.973059
609 -3.89633 0.970026 -0.00918987 0.0294824 0.973059
610 -3.84023 0.972401 -0.0149237 0.0271067 0.973059
611 -3.75674 0.975849 -0.0200841 0.0236579 0.973059
612 -3.64669 0.980237 -0.0244726 0.0192683 0.973059
613 -3.51113 0.985397 -0.0279207 0.0141065 0.973059
614 -3.35136 0.99113 -0.0302961 0.00837124 0.973059
615 -3.16892 0.997217 -0.0315071 0.00228255 0.973059
616 -2.96557 1.00342 -0.0315076 -0.00392536 0.973059
617 -2.74327 1.00951 -0.0302974 -0.0100141 0.973059
618 -2.50417 1.01524 -0.0279229 -0.0157495 0.973059
619 -2.25054 1.0204 -0.0244757 -0.0209113 0.973059
620 -1.98485 1.02479 -0.020088 -0.0253011 0.973059
621 -1.70966 1.02824 -0.0149285 -0.0287503 0.973059
622 -1.42761 1.03062 -0.00919572 -0.0311263 0.973059
623 -1.14142 1.03183 -0.00310971 -0.0323377 0.973059
624 -0.853839 1.03183 0.00309555 -0.0323382 0.973059
625 -0.567647 1.03062 0.00918157 -0.0311278 0.973059
626 -0.285596 1.02824 0.0149144 -0.0287529 0.973059
627 -0.0104018 1.0248 0.020074 -0.025305 0.973059
628 0.255282 1.02041 0.0244618 -0.0209163 0.973059
629 0.508909 1.01525 0.0279093 -0.0157558 0.973059
630 0.748013 1.00952 0.0302841 -0.0100218 0.973059
631 0.970316 1.00343 0.0314949 -0.00393451 0.973059
632 1.17366 0.997228 0.0314953 0.00227196 0.973059
633 1.3561 0.991143 0.0302852 0.00835922 0.973059
634 1.51587 0.985411 0.0279111 0.0140931 0.973059
635 1.65143 0.980252 0.0244645 0.0192536 0.973059
636 1.76148 0.975865 0.0200777 0.0236423 0.973059
637 1.84497 0.972418 0.0149192 0.0270902 0.973059
638 1.90107 0.970044 0.00918747 0.0294654 0.973059
639 1.92926 0.968833 0.00310226 0.0306762 0.973059
640 2.77387 0.981754 9.77966e-08 0.0180795 0.973059
641 2.75571 0.982113 -0.00364656 0.0177202 0.973059
642 2.70141 0.983177 -0.0071533 0.016656 0.973059
643 2.61148 0.984904 -0.010385 0.0149278 0.973059
644 2.48679 0.987229 -0.0132176 0.0126019 0.973059
645 2.32854 0.990062 -0.0155423 0.00976799 0.973059
646 2.13826 0.993294 -0.0172695 0.0065347 0.973059
647 1.91778 0.996801 -0.0183332 0.00302629 0.973059
648 1.66923 1.00045 -0.0186921 -0.000622314 0.973059
649 1.39499 1.00409 -0.0183327 -0.00427089 0.973059
650 1.09771 1.0076 -0.0172687 -0.00777932 0.973059
651 0.780247 1.01083 -0.0155408 -0.0110126 0.973059
652 0.445669 1.01367 -0.0132157 -0.0138467 0.973059
653 0.0971811 1.01599 -0.0103825 -0.0161724 0.973059
654 -0.26184 1.01772 -0.00715012 -0.0179005 0.973059
655 -0.627951 1.01878 -0.00364281 -0.0189646 0.973059
656 -0.997622 1.01914 4.64238e-06 -0.0193236 0.973059
657 -1.36729 1.01878 0.00365209 -0.0189639 0.973059
658 -1.7334 1.01772 0.00715936 -0.0178991 0.973059
659 -2.09243 1.01599 0.0103916 -0.0161703 0.973059
660 -2.44091 1.01366 0.0132247 -0.0138437 0.973059
661 -2.77549 1.01083 0.0155497 -0.0110089 0.973059
662 -3.09295 1.0076 0.0172773 -0.00777471 0.973059
663 -3.39024 1.00409 0.0183411 -0.00426541 0.973059
664 -3.66448 1.00044 0.0187 -0.000615948 0.973059
665 -3.91303 0.996793 0.0183405 0.00303354 0.973059
666 -4.13351 0.993285 0.0172762 0.0065428 0.973059
667 -4.32379 0.990053 0.0155481 0.00977689 0.973059
668 -4.48204 0.987219 0.0132225 0.0126116 0.973059
669 -4.60672 0.984894 0.0103888 0.014938 0.973059
670 -4.69665 0.983166 0.007156 0.0166667 0.973059
671 -4.75096 0.982102 0.00364813 0.0177312 0.973059
672 -4.76912 0.981743 1.2173e-07 0.0180907 0.973059
673 -4.75096 0.982102 -0.00364789 0.0177312 0.973059
674 -4.69665 0.983166 -0.00715576 0.0166668 0.973059
675 -4.60672 0.984894 -0.0103886 0.0149381 0.973059
676 -4.48204 0.987219 -0.0132223 0.0126117 0.973059
677 -4.32379 0.990053 -0.015548 0.00977708 0.973059
678 -4.13351 0.993285 -0.0172761 0.00654302 0.973059
679 -3.91303 0.996793 -0.0183404 0.00303377 0.973059
680 -3.66448 1.00044 -0.0187 -0.000615695 0.973059
681 -3.39024 1.00409 -0.0183411 -0.00426515 0.973059
682 -3.09295 1.0076 -0.0172774 -0.00777445 0.973059
683 -2.77549 1.01083 -0.0155498 -0.0110086 0.973059
684 -2.44092 1.01366 -0.0132249 -0.0138435 0.973059
685 -2.09243 1.01599 -0.0103918 -0.01617 0.973059
686 -1.73341 1.01772 -0.00715958 -0.0178989 0.973059
687 -1.36729 1.01878 -0.00365234 -0.0189637 0.973059
688 -0.997623 1.01914 -4.91944e-06 -0.0193236 0.973059
689 -0.627952 1.01878 0.00364252 -0.0189646 0.973059
690 -0.26184 1.01772 0.00714982 -0.0179006 0.973059
691 0.0971799 1.01599 0.0103822 -0.0161726 0.973059
692 0.445668 1.01367 0.0132154 -0.0138468 0.973059
693 0.780246 1.01083 0.0155406 -0.0110129 0.973059
694 1.0977 1.0076 0.0172685 -0.00777962 0.973059
695 1.39499 1.00409 0.0183326 -0.00427123 0.973059
696 1.66923 1.00045 0.018692 -0.00062269 0.973059
697 1.91778 0.996801 0.0183332 0.0030259 0.973059
698 2.13826 0.993294 0.0172696 0.00653431 0.973059
699 2.32854 0.990062 0.0155425 0.00976761 0.973059
700 2.48679 0.987229 0.0132179 0.0126016 0.973059
701 2.61148 0.984905 0.0103853 0.0149275 0.973059
702 2.70141 0.983177 0.00715371 0.0166558 0.973059
703 2.75571 0.982113 0.00364697 0.0177201 0.973059
704 3.90699 0.989688 -0.00106697 0.0102584 0.973059
705 3.85976 0.990104 -0.00316004 0.00984178 0.973059
706 3.76575 0.990921 -0.00513171 0.00902465 0.973059
707 3.62585 0.992107 -0.0069061 0.00783837 0.973059
708 3.44144 0.993616 -0.00841505 0.00632851 0.973059
709 3.21428 0.99539 -0.00960061 0.00455308 0.973059
710 2.94655 0.997362 -0.0104172 0.00258029 0.973059
711 2.64084 0.999455 -0.0108334 0.000486034 0.973059
712 2.30009 1.00159 -0.0108332 -0.00164925 0.973059
713 1.92758 1.00368 -0.0104167 -0.00374352 0.973059
714 1.52689 1.00565 -0.00959974 -0.00571627 0.973059
715 1.1019 1.00743 -0.0084138 -0.00749167 0.973059
716 0.656689 1.00894 -0.00690443 -0.00900147 0.973059
717 0.195546 1.01012 -0.00512964 -0.0101877 0.973059
718 -0.277095 1.01094 -0.00315762 -0.0110047 0.973059
719 -0.75667 1.01136 -0.00106415 -0.011421 0.973059
720 -1.23857 1.01136 0.00107032 -0.0114208 0.973059
721 -1.71814 1.01094 0.00316376 -0.0110039 0.973059
722 -2.19078 1.01012 0.00513572 -0.0101864 0.973059
723 -2.65193 1.00894 0.00691042 -0.00899964 0.973059
724 -3.09714 1.00743 0.00841966 -0.00748929 0.973059
725 -3.52213 1.00565 0.00960542 -0.00571335 0.973059
726 -3.92282 1.00368 0.0104221 -0.00374005 0.973059
727 -4.29533 1.00159 0.0108384 -0.00164522 0.973059
728 -4.63608 0.999451 0.0108382 0.000490607 0.973059
729 -4.94179 0.997357 0.0104215 0.00258538 0.973059
730 -5.20951 0.995385 0.00960448 0.00455867 0.973059
731 -5.43668 0.99361 0.00841834 0.00633453 0.973059
732 -5.62109 0.9921 0.00690875 0.00784478 0.973059
733 -5.76098 0.990914 0.00513366 0.00903136 0.973059
734 -5.855 0.990097 0.00316131 0.00984871 0.973059
735 -5.90223 0.989681 0.0010675 0.0102654 0.973059
736 -5.90223 0.989681 -0.00106734 0.0102654 0.973059
737 -5.855 0.990097 -0.00316116 0.00984874 0.973059
738 -5.76098 0.990914 -0.00513351 0.00903143 0.973059
739 -5.62109 0.9921 -0.00690862 0.00784487 0.973059
740 -5.43668 0.99361 -0.00841822 0.00633464 0.973059
741 -5.20952 0.995384 -0.00960438 0.0045588 0.973059
742 -4.94179 0.997357 -0.0104215 0.00258553 0.973059
743 -4.63608 0.99945 -0.0108381 0.000490759 0.973059
744 -4.29533 1.00159 -0.0108383 -0.00164506 0.973059
745 -3.92282 1.00368 -0.0104221 -0.00373989 0.973059
746 -3.52213 1.00565 -0.00960546 -0.00571319 0.973059
747 -3.09714 1.00743 -0.00841973 -0.00748915 0.973059
748 -2.65193 1.00894 -0.00691052 -0.00899951 0.973059
749 -2.19078 1.01012 -0.00513584 -0.0101863 0.973059
750 -1.71814 1.01094 -0.0031639 -0.0110038 0.973059
751 -1.23857 1.01136 -0.00107048 -0.0114207 0.973059
752 -0.75667 1.01136 0.00106398 -0.011421 0.973059
753 -0.277095 1.01094 0.00315744 -0.0110047 0.973059
754 0.195545 1.01012 0.00512947 -0.0101877 0.973059
755 0.656688 1.00894 0.00690427 -0.00900157 0.973059
756 1.1019 1.00743 0.00841366 -0.0074918 0.973059
757 1.52689 1.00565 0.00959962 -0.00571643 0.973059
758 1.92758 1.00368 0.0104166 -0.00374371 0.973059
759 2.30009 1.00159 0.0108332 -0.00164945 0.973059
760 2.64084 0.999455 0.0108334 0.000485815 0.973059
761 2.94655 0.997362 0.0104172 0.00258007 0.973059
762 3.21428 0.99539 0.0096007 0.00455288 0.973059
763 3.44144 0.993616 0.00841518 0.00632832 0.973059
764 3.62585 0.992107 0.00690627 0.00783821 0.973059
765 3.76575 0.990921 0.00513191 0.00902454 0.973059
766 3.85976 0.990104 0.00316033 0.0098417 0.973059
767 3.90699 0.989688 0.00106709 0.0102583 0.973059
768 5.44925 0.994297 -4.75731e-09 0.00568635 0.973059
769 5.41821 0.994418 -0.00122324 0.00556579 0.973059
770 5.32537 0.994775 -0.00239958 0.00520875 0.973059
771 5.17165 0.995354 -0.00348361 0.00462894 0.973059
772 4.95851 0.996134 -0.00443376 0.00384866 0.973059
773 4.68801 0.997084 -0.00521351 0.00289788 0.973059
774 4.36276 0.998168 -0.00579289 0.00181314 0.973059
775 3.98587 0.999345 -0.00614963 0.00063614 0.973059
776 3.56101 1.00057 -0.00626999 -0.00058791 0.973059
777 3.09223 1.00179 -0.0061494 -0.00181194 0.973059
778 2.58407 1.00297 -0.00579241 -0.00298893 0.973059
779 2.04141 1.00405 -0.00521279 -0.00407364 0.973059
780 1.46949 1.005 -0.00443279 -0.00502437 0.973059
781 0.873814 1.00578 -0.00348239 -0.00580457 0.973059
782 0.26011 1.00636 -0.0023981 -0.00638428 0.973059
783 -0.365711 1.00672 -0.00122158 -0.0067412 0.973059
784 -0.997615 1.00684 1.93915e-06 -0.00686161 0.973059
785 -1.62952 1.00672 0.00122544 -0.00674086 0.973059
786 -2.25534 1.00636 0.00240193 -0.0063836 0.973059
787 -2.86904 1.00578 0.00348616 -0.00580355 0.973059
788 -3.46472 1.005 0.00443647 -0.00502299 0.973059
789 -4.03664 1.00405 0.00521636 -0.00407192 0.973059
790 -4.5793 1.00297 0.00579583 -0.00298687 0.973059
791 -5.08746 1.00179 0.00615263 -0.00180954 0.973059
792 -5.55624 1.00057 0.00627301 -0.000585183 0.973059
793 -5.9811 0.999342 0.00615239 0.000639182 0.973059
794 -6.35799 0.998165 0.00579535 0.00181647 0.973059
795 -6.68324 0.997081 0.00521563 0.00290149 0.973059
796 -6.95374 0.99613 0.00443551 0.0038525 0.973059
797 -7.16688 0.99535 0.00348495 0.00463296 0.973059
798 -7.3206 0.994771 0.00240049 0.00521292 0.973059
799 -7.41344 0.994414 0.00122378 0.00557005 0.973059
800 -7.44448 0.994293 4.90831e-08 0.00569064 0.973059
801 -7.41344 0.994414 -0.00122369 0.00557006 0.973059
802 -7.3206 0.99477 -0.00240039 0.00521295 0.973059
803 -7.16688 0.99535 -0.00348486 0.00463301 0.973059
804 -6.95374 0.99613 -0.00443543 0.00385255 0.973059
805 -6.68324 0.997081 -0.00521557 0.00290156 0.973059
806 -6.35799 0.998165 -0.0057953 0.00181655 0.973059
807 -5.9811 0.999342 -0.00615235 0.000639272 0.973059
808 -5.55624 1.00057 -0.00627299 -0.000585089 0.973059
809 -5.08746 1.00179 -0.00615263 -0.00180945 0.973059
810 -4.5793 1.00297 -0.00579584 -0.00298678 0.973059
811 -4.03664 1.00405 -0.00521639 -0.00407184 0.973059
812 -3.46472 1.005 -0.00443652 -0.00502292 0.973059
813 -2.86904 1.00578 -0.00348622 -0.00580348 0.973059
814 -2.25534 1.00636 -0.002402 -0.00638355 0.973059
815 -1.62952 1.00672 -0.00122553 -0.00674083 0.973059
816 -0.997614 1.00684 -2.03002e-06 -0.00686159 0.973059
817 -0.365711 1.00672 0.00122148 -0.00674121 0.973059
818 0.260109 1.00636 0.002398 -0.00638431 0.973059
819 0.873813 1.00578 0.0034823 -0.00580462 0.973059
820 1.46949 1.005 0.00443271 -0.00502443 0.973059
821 2.04141 1.00405 0.00521272 -0.00407373 0.973059
822 2.58407 1.00297 0.00579236 -0.00298903 0.973059
823 3.09223 1.00179 0.00614937 -0.00181206 0.973059
824 3.56101 1.00057 0.00627 -0.000588021 0.973059
825 3.98587 0.999345 0.00614965 0.000636018 0.973059
826 4.36276 0.998169 0.00579294 0.00181302 0.973059
827 4.68801 0.997084 0.00521358 0.00289777 0.973059
828 4.95851 0.996134 0.00443385 0.00384856 0.973059
829 5.17165 0.995354 0.00348372 0.00462886 0.973059
830 5.32537 0.994775 0.0023997 0.00520869 0.973059
831 5.41821 0.994418 0.00122337 0.00556576 0.973059
832 7.50623 0.997032 -0.000350999 0.00296395 0.973059
833 7.42433 0.997169 -0.0010395 0.00282691 0.973059
834 7.26133 0.997437 -0.00168809 0.00255808 0.973059
835 7.01879 0.997827 -0.00227176 0.00216782 0.973059
836 6.69905 0.998324 -0.00276811 0.00167111 0.973059
837 6.30518 0.998907 -0.00315808 0.00108704 0.973059
838 5.84097 0.999556 -0.00342668 0.000438059 0.973059
839 5.31092 1.00024 -0.00356357 -0.000250897 0.973059
840 4.72011 1.00095 -0.00356349 -0.000953339 0.973059
841 4.07423 1.00164 -0.00342646 -0.00164228 0.973059
842 3.37951 1.00228 -0.00315771 -0.00229125 0.973059
843 2.64264 1.00287 -0.00276759 -0.00287529 0.973059
844 1.87071 1.00336 -0.00227108 -0.00337195 0.973059
845 1.07115 1.00375 -0.00168726 -0.00376216 0.973059
846 0.251665 1.00402 -0.00103857 -0.00403091 0.973059
847 -0.579845 1.00416 -0.000349935 -0.00416787 0.973059
848 -1.41538 1.00416 0.00035219 -0.00416776 0.973059
849 -2.24689 1.00402 0.00104081 -0.0040306 0.973059
850 -3.06637 1.00375 0.00168947 -0.00376164 0.973059
851 -3.86593 1.00336 0.00227324 -0.00337124 0.973059
852 -4.63786 1.00287 0.00276968 -0.00287437 0.973059
853 -5.37473 1.00228 0.00315972 -0.00229013 0.973059
854 -6.06946 1.00163 0.00342836 -0.00164097 0.973059
855 -6.71533 1.00095 0.00356528 -0.000951834 0.973059
856 -7.30614 1.00024 0.00356521 -0.00024921 0.973059
857 -7.8362 0.999554 0.00342815 0.000439915 0.973059
858 -8.3004 0.998905 0.00315937 0.00108905 0.973059
859 -8.69427 0.998322 0.00276918 0.00167325 0.973059
860 -9.01401 0.997825 0.00227261 0.00217009 0.973059
861 -9.25656 0.997435 0.0016887 0.00256044 0.973059
862 -9.41956 0.997166 0.0010399 0.00282932 0.973059
863 -9.50145 0.997029 0.00035116 0.0029664 0.973059
864 -9.50145 0.997029 -0.000351097 0.0029664 0.973059
865 -9.41956 0.997166 -0.00103984 0.00282934 0.973059
866 -9.25656 0.997435 -0.00168865 0.00256046 0.973059
867 -9.01401 0.997825 -0.00227256 0.00217011 0.973059
868 -8.69427 0.998321 -0.00276914 0.00167329 0.973059
869 -8.3004 0.998905 -0.00315933 0.0010891 0.973059
870 -7.8362 0.999554 -0.00342812 0.000439966 0.973059
871 -7.30614 1.00024 -0.00356519 -0.000249156 0.973059
872 -6.71533 1.00094 -0.00356527 -0.000951778 0.973059
873 -6.06946 1.00163 -0.00342837 -0.00164091 0.973059
874 -5.37473 1.00228 -0.00315973 -0.00229007 0.973059
875 -4.63786 1.00287 -0.0027697 -0.00287432 0.973059
876 -3.86592 1.00336 -0.00227327 -0.0033712 0.973059
877 -3.06637 1.00375 -0.00168951 -0.00376161 0.973059
878 -2.24689 1.00402 -0.00104086 -0.00403058 0.973059
879 -1.41538 1.00416 -0.000352238 -0.00416775 0.973059
880 -0.579844 1.00416 0.000349887 -0.00416787 0.973059
881 0.251664 1.00402 0.00103852 -0.00403092 0.973059
882 1.07115 1.00375 0.00168722 -0.00376218 0.973059
883 1.87071 1.00336 0.00227104 -0.00337199 0.973059
884 2.64264 1.00287 0.00276756 -0.00287533 0.973059
885 3.37951 1.00228 0.00315769 -0.0022913 0.973059
886 4.07423 1.00164 0.00342644 -0.00164234 0.973059
887 4.72011 1.00095 0.00356349 -0.000953405 0.973059
888 5.31092 1.00024 0.00356358 -0.000250962 0.973059
889 5.84098 0.999556 0.0034267 0.000437991 0.973059
890 6.30518 0.998907 0.00315812 0.00108698 0.973059
891 6.69905 0.998324 0.00276816 0.00167105 0.973059
892 7.01879 0.997827 0.00227182 0.00216778 0.973059
893 7.26133 0.997437 0.00168816 0.00255805 0.973059
894 7.42433 0.997169 0.00103961 0.00282689 0.973059
895 7.50623 0.997032 0.000351008 0.00296394 0.973059
896 10.2942 0.99858 -1.80088e-08 0.00141924 0.973059
897 10.2397 0.998619 -0.00039637 0.0013802 0.973059
898 10.0772 0.998734 -0.00077755 0.00126446 0.973059
899 9.80793 0.998922 -0.00112882 0.00107659 0.973059
900 9.43458 0.999175 -0.00143669 0.000823753 0.973059
901 8.96082 0.999483 -0.00168935 0.000515653 0.973059
902 8.39113 0.999834 -0.00187708 0.000164151 0.973059
903 7.73102 1.00022 -0.00199267 -0.000217249 0.973059
904 6.98686 1.00061 -0.00203167 -0.000613888 0.973059
905 6.1658 1.00101 -0.00199259 -0.00101053 0.973059
906 5.27575 1.00139 -0.00187692 -0.00139191 0.973059
907 4.32529 1.00174 -0.00168911 -0.0017434 0.973059
908 3.32355 1.00205 -0.00143637 -0.00205147 0.973059
909 2.28021 1.0023 -0.00112841 -0.00230429 0.973059
910 1.2053 1.00249 -0.000777074 -0.00249213 0.973059
911 0.109171 1.0026 -0.000395866 -0.0026078 0.973059
912 -0.99761 1.00264 5.81473e-07 -0.00264681 0.973059
913 -2.10439 1.0026 0.000397025 -0.00260769 0.973059
914 -3.20052 1.00249 0.00077822 -0.00249192 0.973059
915 -4.27543 1.0023 0.00112953 -0.00230397 0.973059
916 -5.31877 1.00205 0.00143746 -0.00205105 0.973059
917 -6.32051 1.00174 0.00169016 -0.00174287 0.973059
918 -7.27097 1.00139 0.00187792 -0.00139128 0.973059
919 -8.16102 1.00101 0.00199353 -0.00100979 0.973059
920 -8.98208 1.00061 0.00203254 -0.000613063 0.973059
921 -9.72624 1.00021 0.00199346 -0.000216335 0.973059
922 -10.3863 0.999833 0.00187778 0.000165146 0.973059
923 -10.956 0.999482 0.00168994 0.000516719 0.973059
924 -11.4298 0.999174 0.00143718 0.000824883 0.973059
925 -11.8031 0.998921 0.00112918 0.00107777 0.973059
926 -12.0724 0.998733 0.000777788 0.00126568 0.973059
927 -12.2349 0.998618 0.000396526 0.00138143 0.973059
928 -12.2894 0.998579 2.01646e-08 0.00142048 0.973059
929 -12.2349 0.998618 -0.000396486 0.00138144 0.973059
930 -12.0724 0.998733 -0.000777749 0.00126569 0.973059
931 -11.8031 0.998921 -0.00112914 0.00107779 0.973059
932 -11.4298 0.999174 -0.00143714 0.000824904 0.973059
933 -10.956 0.999482 -0.00168991 0.000516746 0.973059
934 -10.3863 0.999833 -0.00187775 0.000165175 0.973059
935 -9.72624 1.00021 -0.00199344 -0.000216304 0.973059
936 -8.98208 1.00061 -0.00203253 -0.00061303 0.973059
937 -8.16102 1.00101 -0.00199352 -0.00100976 0.973059
938 -7.27097 1.00139 -0.00187792 -0.00139125 0.973059
939 -6.32051 1.00174 -0.00169016 -0.00174284 0.973059
940 -5.31877 1.00205 -0.00143747 -0.00205102 0.973059
941 -4.27543 1.0023 -0.00112955 -0.00230395 0.973059
942 -3.20052 1.00249 -0.000778239 -0.0024919 0.973059
943 -2.10439 1.0026 -0.000397046 -0.00260768 0.973059
944 -0.997608 1.00264 -6.04505e-07 -0.00264681 0.973059
945 0.10918 1.0026 0.000395844 -0.0026078 0.973059
946 1.2053 1.00249 0.000777052 -0.00249214 0.973059
947 2.28021 1.0023 0.00112839 -0.00230431 0.973059
948 3.32355 1.00205 0.00143636 -0.0020515 0.973059
949 4.32529 1.00174 0.00168909 -0.00174343 0.973059
950 5.27575 1.00139 0.00187691 -0.00139195 0.973059
951 6.1658 1.00101 0.00199259 -0.00101056 0.973059
952 6.98686 1.00061 0.00203168 -0.000613926 0.973059
953 7.73103 1.00022 0.00199268 -0.000217286 0.973059
954 8.39114 0.999834 0.0018771 0.000164114 0.973059
955 8.96083 0.999483 0.00168938 0.000515621 0.973059
956 9.43458 0.999175 0.00143673 0.000823724 0.973059
957 9.80793 0.998922 0.00112886 0.00107657 0.973059
958 10.0772 0.998734 0.000777602 0.00126445 0.973059
959 10.2397 0.998619 0.000396416 0.00138019 0.973059
960 14.0051 0.999479 -0.000112434 0.000520513 0.973059
961 13.8607 0.999523 -0.000332995 0.000476605 0.973059
962 13.5731 0.999609 -0.000540755 0.000390492 0.973059
963 13.1452 0.999734 -0.000727719 0.000265484 0.973059
964 12.5811 0.999893 -0.000886715 0.000106368 0.973059
965 11.8862 1.00008 -0.00101164 -8.07243e-05 0.973059
966 11.0672 1.00029 -0.00109768 -0.000288609 0.973059
967 10.1321 1.00051 -0.00114153 -0.000509299 0.973059
968 9.08973 1.00073 -0.00114152 -0.000734317 0.973059
969 7.95029 1.00095 -0.00109763 -0.000955004 0.973059
970 6.72464 1.00116 -0.00101155 -0.00116289 0.973059
971 5.42463 1.00135 -0.000886596 -0.00134997 0.973059
972 4.06276 1.00151 -0.000727569 -0.00150907 0.973059
973 2.65216 1.00163 -0.000540568 -0.00163407 0.973059
974 1.20641 1.00172 -0.000332791 -0.00172016 0.973059
975 -0.260571 1.00176 -0.000112219 -0.00176405 0.973059
976 -1.73465 1.00176 0.000112674 -0.00176403 0.973059
977 -3.20163 1.00172 0.000333242 -0.0017201 0.973059
978 -4.64738 1.00163 0.000541013 -0.00163397 0.973059
979 -6.05798 1.00151 0.000728004 -0.00150893 0.973059
980 -7.41984 1.00135 0.000887017 -0.00134979 0.973059
981 -8.71986 1.00116 0.00101195 -0.00116266 0.973059
982 -9.94551 1.00095 0.00109801 -0.000954738 0.973059
983 -11.0849 1.00073 0.00114187 -0.000734013 0.973059
984 -12.1273 1.00051 0.00114186 -0.000508959 0.973059
985 -13.0624 1.00029 0.00109797 -0.000288235 0.973059
986 -13.8814 1.00008 0.00101188 -8.03199e-05 0.973059
987 -14.5763 0.999893 0.00088692 0.000106799 0.973059
988 -15.1404 0.999734 0.000727877 0.000265937 0.973059
989 -15.5683 0.999609 0.000540862 0.000390962 0.973059
990 -15.8559 0.999523 0.000333071 0.000477083 0.973059
991 -16.0003 0.999479 0.000112468 0.000520996 0.973059
992 -16.0003 0.999479 -0.00011244 0.000520997 0.973059
993 -15.8559 0.999523 -0.000333043 0.000477088 0.973059
994 -15.5683 0.999609 -0.000540836 0.000390971 0.973059
995 -15.1404 0.999734 -0.000727852 0.000265949 0.973059
996 -14.5763 0.999893 -0.000886898 0.000106813 0.973059
997 -13.8814 1.00008 -0.00101187 -8.0304e-05 0.973059
998 -13.0624 1.00029 -0.00109795 -0.000288218 0.973059
999 -12.1273 1.00051 -0.00114185 -0.000508941 0.973059
1000 -11.0849 1.00073 -0.00114186 -0.000733995 0.973059
1001 -9.9455 1.00095 -0.001098 -0.00095472 0.973059
1002 -8.71986 1.00116 -0.00101195 -0.00116264 0.973059
1003 -7.41984 1.00135 -0.000887017 -0.00134977 0.973059
1004 -6.05798 1.00151 -0.000728007 -0.00150892 0.973059
1005 -4.64737 1.00163 -0.000541018 -0.00163396 0.973059
1006 -3.20162 1.00172 -0.000333249 -0.0017201 0.973059
1007 -1.73464 1.00176 -0.000112683 -0.00176402 0.973059
1008 -0.260569 1.00176 0.000112211 -0.00176405 0.973059
1009 1.20641 1.00172 0.000332783 -0.00172017 0.973059
1010 2.65216 1.00163 0.000540561 -0.00163408 0.973059
1011 4.06276 1.00151 0.000727564 -0.00150908 0.973059
1012 5.42463 1.00135 0.000886594 -0.00134999 0.973059
1013 6.72464 1.00116 0.00101155 -0.0011629 0.973059
1014 7.95029 1.00095 0.00109763 -0.000955023 0.973059
1015 9.08973 1.00073 0.00114152 -0.000734338 0.973059
1016 10.1321 1.00051 0.00114155 -0.00050932 0.973059
1017 11.0672 1.00029 0.0010977 -0.000288628 0.973059
1018 11.8862 1.00008 0.00101166 -8.07426e-05 0.973059
1019 12.5811 0.999893 0.00088674 0.000106354 0.973059
1020 13.1452 0.999734 0.000727746 0.000265473 0.973059
1021 13.5731 0.999609 0.000540783 0.000390485 0.973059
1022 13.8607 0.999523 0.000333046 0.0004766 0.973059
1023 14.0051 0.999479 0.000112427 0.00052051 0.973059
1024 19.0273 0.999823 -1.11992e-08 0.000176607 0.973059
1025 18.9309 0.999838 -0.000148193 0.000161995 0.973059
1026 18.6425 0.999881 -0.000290717 0.00011874 0.973059
1027 18.165 0.999951 -0.000422041 4.85003e-05 0.973059
1028 17.503 1.00005 -0.000537149 -4.60277e-05 0.973059
1029 16.6628 1.00016 -0.00063161 -0.000161208 0.973059
1030 15.6525 1.00029 -0.000701802 -0.000292615 0.973059
1031 14.4819 1.00043 -0.000745025 -0.0004352 0.973059
1032 13.1621 1.00058 -0.000759615 -0.000583485 0.973059
1033 11.706 1.00073 -0.000745013 -0.00073177 0.973059
1034 10.1276 1.00087 -0.000701779 -0.000874356 0.973059
1035 8.44205 1.00101 -0.000631572 -0.00100576 0.973059
1036 6.66558 1.00112 -0.000537093 -0.00112093 0.973059
1037 4.8153 1.00121 -0.000421973 -0.00121546 0.973059
1038 2.90905 1.00128 -0.000290635 -0.00128569 0.973059
1039 0.965173 1.00133 -0.000148125 -0.00132894 0.973059
1040 -0.997609 1.00134 7.88879e-08 -0.00134354 0.973059
1041 -2.96039 1.00133 0.000148282 -0.00132892 0.973059
1042 -4.90426 1.00128 0.00029079 -0.00128566 0.973059
1043 -6.81052 1.00121 0.000422127 -0.00121542 0.973059
1044 -8.6608 1.00112 0.000537242 -0.00112088 0.973059
1045 -10.4373 1.001 0.000631716 -0.00100569 0.973059
1046 -12.1228 1.00087 0.000701916 -0.000874273 0.973059
1047 -13.7012 1.00073 0.000745142 -0.000731674 0.973059
1048 -15.1573 1.00058 0.000759734 -0.000583376 0.973059
1049 -16.4771 1.00043 0.000745132 -0.000435078 0.973059
1050 -17.6477 1.00029 0.000701895 -0.00029248 0.973059
1051 -18.658 1.00016 0.000631688 -0.000161064 0.973059
1052 -19.4982 1.00005 0.000537209 -4.58743e-05 0.973059
1053 -20.1602 0.999951 0.000422082 4.866e-05 0.973059
1054 -20.6377 0.999881 0.000290738 0.000118904 0.973059
1055 -20.9261 0.999838 0.000148225 0.000162161 0.973059
1056 -21.0225 0.999823 1.08046e-08 0.000176769 0.973059
1057 -20.9261 0.999838 -0.000148203 0.000162164 0.973059
1058 -20.6377 0.999881 -0.000290717 0.000118908 0.973059
1059 -20.1602 0.999951 -0.000422062 4.86667e-05 0.973059
1060 -19.4982 1.00005 -0.00053719 -4.58658e-05 0.973059
1061 -18.658 1.00016 -0.000631671 -0.000161053 0.973059
1062 -17.6477 1.00029 -0.00070188 -0.000292469 0.973059
1063 -16.4771 1.00043 -0.00074512 -0.000435066 0.973059
1064 -15.1573 1.00058 -0.000759723 -0.000583363 0.973059
1065 -13.7012 1.00073 -0.000745134 -0.000731661 0.973059
1066 -12.1228 1.00087 -0.000701911 -0.000874262 0.973059
1067 -10.4373 1.001 -0.000631713 -0.00100568 0.973059
1068 -8.66079 1.00112 -0.000537241 -0.00112087 0.973059
1069 -6.81052 1.00121 -0.000422127 -0.00121541 0.973059
1070 -4.90427 1.00128 -0.000290792 -0.00128566 0.973059
1071 -2.96039 1.00133 -0.000148285 -0.00132892 0.973059
1072 -0.997605 1.00134 -8.16862e-08 -0.00134354 0.973059
1073 0.965172 1.00133 0.000148122 -0.00132894 0.973059
1074 2.90905 1.00128 0.000290633 -0.00128569 0.973059
1075 4.81531 1.00121 0.000421972 -0.00121546 0.973059
1076 6.66558 1.00112 0.000537093 -0.00112094 0.973059
1077 8.44205 1.00101 0.000631574 -0.00100577 0.973059
1078 10.1276 1.00087 0.000701784 -0.000874368 0.973059
1079 11.706 1.00073 0.00074502 -0.000731783 0.973059
1080 13.1621 1.00058 0.000759625 -0.000583499 0.973059
1081 14.4819 1.00043 0.000745039 -0.000435214 0.973059
1082 15.6525 1.00029 0.000701818 -0.000292627 0.973059
1083 16.6628 1.00016 0.000631629 -0.00016122 0.973059
1084 17.503 1.00005 0.000537169 -4.60381e-05 0.973059
1085 18.165 0.999951 0.000422063 4.84907e-05 0.973059
1086 18.6425 0.999881 0.000290742 0.000118731 0.973059
1087 18.9309 0.999838 0.000148221 0.000161994 0.973059
